gaussianNoise_10_SNR: 13.577673848918188
gaussianNoise_30_SNR: 4.179277588955975
saltAndPepper_0_10_SNR: -2.1331972742191896
saltAndPepper_0_05_SNR: 0.919599038789096
gaussianNoise_10_box_3x3_SNR: 17.731140149360535
gaussianNoise_30_box_3x3_SNR: 12.610573226583657
saltAndPepper_0_10_box_3x3_SNR: 6.276181353721542
saltAndPepper_0_05_box_3x3_SNR: 9.437939435017782
gaussianNoise_10_box_5x5_SNR: 14.857729621739733
gaussianNoise_30_box_5x5_SNR: 13.311954047893185
saltAndPepper_0_10_box_5x5_SNR: 8.45026635583591
saltAndPepper_0_05_box_5x5_SNR: 11.144625145075523
gaussianNoise_10_median_3x3_SNR: 17.651055018705332
gaussianNoise_30_median_3x3_SNR: 11.068588450952369
saltAndPepper_0_10_median_3x3_SNR: 14.871190557310829
saltAndPepper_0_05_median_3x3_SNR: 19.038446617464842
gaussianNoise_10_median_5x5_SNR: 15.986375902746365
gaussianNoise_30_median_5x5_SNR: 12.923616645551498
saltAndPepper_0_10_median_5x5_SNR: 15.78842254312368
saltAndPepper_0_05_median_5x5_SNR: 16.3801023822922
gaussianNoise_10_openingThenClosing_SNR: 13.246475409841953
gaussianNoise_30_openingThenClosing_SNR: 11.107239975017215
saltAndPepper_0_10_openingThenClosing_SNR: -2.234575099322334
saltAndPepper_0_05_openingThenClosing_SNR: 5.6121449335507565
gaussianNoise_10_closingThenOpening_SNR: 13.587499304142945
gaussianNoise_30_closingThenOpening_SNR: 11.161285816210508
saltAndPepper_0_10_closingThenOpening_SNR: -2.538225164674737
saltAndPepper_0_05_closingThenOpening_SNR: 5.228390279049658
